0.00216534108275644 30.763679453365505
0.0023006052433419888 21.623611482262106
0.0025579658187147424 11.413432322156844
0.003309305355279295 1.7930339665403583
0.004981595048613274 0.4995334710823294
0.007275152565886608 0.4995334710823294
0.011288378916846906 0.32865966745358477
0.018054229025554747 0.10222788553019772
0.021653410827564386 0.06875757863197848
0.030679063989438596 0.027252521978557494
0.04091118934862642 0.016417650448785313
0.05213210522231914 0.01288391487942942
0.06158482110660267 0.011796966195264482
0.1374541620871332 0.0033598182862837915
0.15516346653372504 0.003076367945336547
0.1860959158947276 0.003286596674535851
0.21327864278928113 0.0032149708051674476
0.4153565396068827 0.004376715583730133
0.7165774841172132 0.004007474922858092
1.2176607739663605 0.0022597842928099732
2.2660169698035273 0.0007028941877723451
3.5696988468260664 0.00020464671828436816