# Fig. 7 of https://arxiv.org/pdf/2110.02821
# m [g] f [1]
9251181107.734549 0.958778892211505
10196490154.45178 0.12187741029006337
11238393266.661676 0.01309187433985006
21778510265.695557 0.00023013061912062388
28047058732.454853 0.0001388660166661156
35423851177.59408 0.00010787151151017407
44740849449.58151 0.0000991616381891496
63506313273.13502 0.00009507408561287102
77147870652.1701 0.00009115502648193054
95561220996.05351 0.00008739751530985604
161603478327.8737 0.000055005003136957775
268021117782.14108 0.000039278049090832445
365915057925.2189 0.000050563732196758983
453250224803.0868 0.00006789063519676936
606874083733.8662 0.0000624089392052195
709094677175.6947 0.00004648106295530277
949434018876.694 0.0000331912620385941
1199149247999.9329 0.000030511298777915982
1544302570622.0881 0.0000331912620385941
1769649769830.9685 0.00003182308144846512
2463481446518.05 0.00003182308144846512
2878425076746.3584 0.000034618265283287084
3496728971617.542 0.000039278049090832445
4331314489891.8535 0.00007702903886850401
4963347103032.438 0.00006509210800549414
5470514443489.281 0.00004847943914168793
6645615513405.559 0.00005273763597374289
7917563393049.427 0.00006509210800549414
10396841146983.168 0.00006509210800549414
12878318301060.842 0.00006789063519676936
13389382961641.572 0.00006509210800549414
20947237682875.426 0.0010924239800311685
26976519440804.59 0.0031291733011618843
32139732183655.457 0.006136690019508677
39810717055349.85 0.015492730659464313
47430350939300.484 0.030383132048828723