# Fig. 7 of https://arxiv.org/pdf/2110.02821
# m [g] f [1]
25946841987320.766 0.000034618265283287084
26456671886283.117 0.000026891565637308053
28598155822680.555 0.000017652276897257076
32139732183655.457 0.000011109738562539851
45619963091446.54 0.000003878514754388692
53304093663163.27 0.0000021514137939608096
61082315652733.42 0.0000010970322083096752
74203183025986.97 5.593901412397134e-7
90142495620035.03 2.9750329033217523e-7
103296238483709.42 1.795202091375666e-7
127950578419822.38 8.067968022091659e-8
138307289555544.34 6.536668939358314e-8
158489319246111.75 5.077702778971138e-8
181616344270908.2 2.380124278377428e-8
216377085926524.5 1.1156603344297275e-8
229384136577099.03 8.666480791786607e-9
257790913598706.16 3.7343246019683695e-9
295408192405389.44 1.7504286949004976e-9
331991344044541.2 9.709635461080766e-10
403305182554554.9 5.617498454522746e-10
419309991677475.4 5.385938945227166e-10
444515924536248.3 4.0113511040992776e-10
480496402956163.25 3.53546115146861e-10
509380427453988.1 2.8644311717439517e-10
529594738762149.75 6.732146603813589e-9
561430205821243.56 1.025578532050809e-8
643355035087134.1 2.187945818441721e-8
723027689439610.6 6.267220204431324e-8
844812951770572.5 2.5140020686678887e-7
913194695825658 3.375486537736136e-7
1246736424297957.2 6.619740280738005e-7
1574646595684263.2 0.0000015362845522157438
1988802005761774.2 0.000005908548494903676
3234887300109639.5 0.000024720258989001036
3929761532996739 0.00004096674364642526
4963347103032459 0.00007385381655446146
6268781008295583 0.0001864518632054622
8073135718447565 0.0003977721468343375
10396841146983210 0.0009628233585402296
13131364576266306 0.002054065364456896
15952064662598408 0.00355037496913792
20543576628404704 0.011063070642470649
32139732183655460 0.07051203587301884
39810717055349860 0.13258252593464467
50281526119889864 0.21971753428541269
80209415599861390 0.9999999999999969
