# Fig 3 of 2202.07483
2.97800433e+16 5.03871034e-3
3.29805171e+16 6.60006170e-3
3.60311932e+16 8.00355090e-3
3.97679351e+16 9.78062969e-3
4.40418119e+16 1.16789219e-2
4.77893239e+16 1.36266948e-2
5.25663165e+16 1.58993108e-2
5.64598917e+16 1.84084272e-2
6.02305820e+16 2.14785252e-2
6.55783532e+16 2.66555310e-2
7.21335267e+16 3.60092019e-2
8.20901794e+16 5.63219960e-2
9.06036309e+16 7.90771735e-2
1.02410424e+17 1.20855804e-1
1.13031258e+17 1.64529227e-1
1.25605436e+17 2.13856410e-1
1.41491145e+17 2.71614731e-1
1.51971362e+17 3.04925784e-1
1.64342438e+17 3.42322133e-1
1.86391467e+17 3.96344981e-1
2.20209059e+17 4.73270355e-1
2.51458869e+17 5.43748782e-1
2.89104073e+17 6.15160605e-1
3.26777972e+17 7.01339214e-1
3.48601934e+17 7.57568676e-1
3.75698988e+17 8.31026117e-1
4.24657293e+17 9.92317411e-1