# Fig 3 of 2202.07483 
# m [M_sun] f [1]
1.49768133e-17 5.03871034e-03
1.65863777e-17 6.60006170e-03
1.81206067e-17 8.00355090e-03
1.99998681e-17 9.78062969e-03
2.21492624e-17 1.16789219e-02
2.40339402e-17 1.36266948e-02
2.64363587e-17 1.58993108e-02
2.83944938e-17 1.84084272e-02
3.02908283e-17 2.14785252e-02
3.29802996e-17 2.66555310e-02
3.62769909e-17 3.60092019e-02
4.12843351e-17 5.63219960e-02
4.55658726e-17 7.90771735e-02
5.15036792e-17 1.20855804e-01
5.68450497e-17 1.64529227e-01
6.31687852e-17 2.13856410e-01
7.11579373e-17 2.71614731e-01
7.64285896e-17 3.04925784e-01
8.26501821e-17 3.42322133e-01
9.37389568e-17 3.96344981e-01
1.10746312e-16 4.73270355e-01
1.26462292e-16 5.43748782e-01
1.45394608e-16 6.15160605e-01
1.64341355e-16 7.01339214e-01
1.75316940e-16 7.57568676e-01
1.88944439e-16 8.31026117e-01
2.13566277e-16 9.92317411e-01
