redshift z [1], delta T_b [mK]
6.083550913838117 -0.6024096385541924
7.57180156657963 -0.6024096385541924
8.198433420365532 0.8032128514056467
8.825065274151434 4.3172690763052515
9.843342036553523 12.048192771084373
10.783289817232376 14.859437751004052
11.409921671018274 14.859437751004052
12.114882506527412 12.048192771084373
12.741514360313317 7.831325301204842
13.446475195822455 0.10040160642573426
14.073107049608353 -8.3333333333333
14.77806788511749 -20.983935742971866
15.483028720626631 -35.04016064257026
16.18798955613577 -49.79919678714856
17.049608355091383 -68.07228915662648
17.75456919060052 -82.12851405622487
18.537859007832896 -96.88755020080316
19.39947780678851 -110.94377510040158
20.182767624020887 -121.48594377510037
20.809399477806785 -127.10843373493972
21.43603133159269 -130.62248995983933
22.062663185378586 -131.32530120481925
22.532637075718018 -129.9196787148594
22.924281984334204 -126.4056224899598
23.472584856396868 -119.37751004016062
24.02088772845953 -109.53815261044176
24.647519582245426 -96.18473895582326
25.19582245430809 -82.12851405622487
25.90078328981723 -63.85542168674695
26.527415143603132 -49.79919678714856
27.310704960835505 -35.04016064257026
27.937336814621414 -26.606425702811222
28.642297650130548 -20.28112449799194
29.34725848563969 -16.064257028112422
30.13054830287206 -13.95582329317267
30.99216710182768 -12.550200803212817
32.088772845953 -11.847389558232905
33.73368146214099 -11.847389558232905
34.90861618798955 -12.550200803212817
36.47519582245431 -13.25301204819273
38.51174934725849 -14.658634538152583
40.23498694516971 -16.064257028112422
42.03655352480418 -18.172690763052174
43.916449086161876 -20.28112449799194
