# Fig. 7 of https://arxiv.org/pdf/2110.02821
# m [g] f [1]
11021825252050.092 0.0002840416874701962
12386760669896.139 0.000009388099774425911
13920728770831.043 4.3453583179031026e-7
15343183989328.582 3.3331274446891245e-8
16910989274043.242 1.0696715795288568e-8
17927557609349.76 3.2912999173123236e-9
19759440716631.4 6.373640569764235e-10
24956466700320.625 5.3183506179220854e-11
39810717055349.85 8.81364173745762e-11
99353483450771.69 4.419144558789722e-9
331991344044541.2 1.2290782253675921e-7
1131152414221102.8 0.000003718638079638779
1514543286199170 0.000009001111901695183
3298449650632877.5 0.00009507408561287102
7045102627380568 0.0009231347130965649
12878318301060842 0.006675706857636753
20543576628404704 0.035954949551466
29733048318508268 0.20197687353780372
43033118249155790 0.9999999999999969