# Fig. 7 of https://arxiv.org/pdf/2110.02821
# m [g] f [1]
509380427453988.1 1.1984242912240447e-9
519389251340502.94 1.1203665818174706e-11
529594738762149.75 8.666480791786607e-9
561430205821243.56 2.187945818441721e-8
618798561978428.8 3.0640006159310596e-8
668886010091268.9 5.296010185684166e-8
737234471676697.9 6.536668939358314e-8
861412694508195.5 1.6502520245543114e-7
968089462577779.5 6.085242353934848e-7
1176041196368326 0.000003718638079638779
1574646595684263.2 0.0001448363306641106
1988802005761774.2 0.005883728858749946
2561242526798836.5 0.9999999999999969
