9.386532671629446156e+00 -1.998472382118107848e+00
9.469619520264680901e+00 -1.851774965185556621e+00
9.525010752688171323e+00 -1.685808363211048100e+00
9.635793217535152166e+00 -1.353607180669157417e+00
9.691184449958644365e+00 -1.186157972262301463e+00
9.857358147229113854e+00 -6.868640802421468461e-01
9.940444995864350375e+00 -4.366831196013455374e-01
1.002353184449958690e+01 -1.863404722376220679e-01
1.007892307692307554e+01 -2.024622678387810737e-02
1.016200992555831206e+01 2.289291274609388527e-01
1.046666170388751027e+01 1.146058977751696517e+00
1.060513978494623544e+01 1.561861762430703404e+00
1.096518279569892407e+01 2.644481400542891603e+00
1.113135649296939533e+01 3.010097692413157944e+00
