3.160048096857119404e+00 -4.982797564527551293e-01
3.271115349531470429e+00 -3.881707331462409538e-01
3.409949415374409210e+00 -2.507399421780671656e-01
3.493249854880172478e+00 -1.674789768038760229e-01
3.743151173397462284e+00 6.759741987162848353e-02
3.826451612903225552e+00 1.407100524600335412e-01
4.215186997263454138e+00 4.945270362020832700e-01
4.465088315780744388e+00 7.022402856015890205e-01
4.659456007960859125e+00 8.439669641269123002e-01
4.853823700140972974e+00 9.678195783356580151e-01
5.103725018658263224e+00 1.087194609928029188e+00
5.353626337175553473e+00 1.163114123838883796e+00
5.492460403018491810e+00 1.184411187354759587e+00
5.714594908367194748e+00 1.198002994499636653e+00
5.881195787378721285e+00 1.184314213659105164e+00
6.075563479558836022e+00 1.154578037865884532e+00
6.214397545401774359e+00 1.114773913879410827e+00
6.408765237581889096e+00 1.046118078419419284e+00
6.686433369267765769e+00 9.186646594646894481e-01
7.047401940459407044e+00 7.066369164818075976e-01
7.380603698482460118e+00 4.803456068677827151e-01
7.630505016999750367e+00 2.953251279611630586e-01
7.880406335517040617e+00 1.037924689698357383e-01
8.269141719877268315e+00 -2.110319826488513684e-01
8.519043038394560341e+00 -4.178932727433566363e-01
8.880011609586201615e+00 -7.245132409399228646e-01
9.129912928103490088e+00 -9.394810845305897606e-01
9.463114686126544939e+00 -1.231095952208677069e+00
9.740782817812421612e+00 -1.477772259429485313e+00
9.907383696823949037e+00 -1.601473825091566994e+00
