# Fig. 6 of AEGSSV24
# M [Msun] f [1]
10 0.09439808435775932
15.868723954999712 0.04537830881705866
23.364887035358592 0.024314288255196305
38.014195112749604 0.011375347010681042
65.42114745688822 0.005179474679231213
99.37793607883134 0.002775229920291265
158.68723954999712 0.0014472054570075364
216.79205415605335 0.0009633846127474172
321.19965323884765 0.0005753618867003099
552.7737682019832 0.0002841896436279976
993.7793607883128 0.0001329570406988725
1753.4865500829574 0.00005580669500266247
2141.032729120053 0.000042546709633159834
3527.1625465641864 0.00001559303955462062
5459.179461750675 0.0000069098689143126375
9937.793607883128 0.000002464634805711923
