# Fig. 6 of AEGSSV24
# M [Msun] f [1]
9.937793607883137 0.27193333240056433
19.0165964882893 0.09699407675873832
31.721594817832138 0.04183138164881117
44.710188828375344 0.024982942793846528
61.848320853566605 0.015330877388600108
88.81973745494753 0.008910998330414645
136.61593381473455 0.004646838561688494
220.8886707501556 0.0022952222338128974
341.8812937519131 0.0012636302952073956
584.7061601795496 0.0006241474306406082
1031.6921724075607 0.0002841896436279976
1731.7387892348602 0.0001403703571826541
2167.9205415605334 0.00010136569822006589
4388.099056819415 0.00003243737154694526
8344.670911417776 0.000010958834274752435
9632.518180972786 0.000008584718675739394
10000 0.000007913707069169874
