# Fig. 6 of AEGSSV24
# M [Msun] f [1]
10 0.08941268082347766
18.54781190070613 0.03189200952468069
37.77772252003055 0.009666571319605022
61.848320853566605 0.004646838561688494
85.02356198644341 0.0029299690571300227
137.47109187935257 0.001487004298208683
253.3926643035017 0.000591184613356777
458.40211471632625 0.0002549647361224485
975.3486598996896 0.00008158959117528724
1647.4117833844705 0.00002756471210809243
2835.140107092882 0.000008131337792874825
4670.643219970723 0.000002602056018877059
9937.793607883128 6.348205211745233e-7
