1.056369773334751727e+01 -1.943204967908644942e+00
1.056449018752795865e+01 -1.831563724264400506e+00
1.057092508969039812e+01 -1.678057014253564461e+00
1.057906158256755624e+01 -1.524550304242728416e+00
1.059029305066990112e+01 -1.287312661498709154e+00
1.059198227312816343e+01 -1.091940485121281279e+00
1.060057254739135857e+01 -8.547028423772620176e-01
1.061782681865773093e+01 -5.616445778111205378e-01
1.062066148495701512e+01 -2.825414687005094461e-01
1.063008056857919925e+01 -1.150796032341429020e-01
1.064674403109820489e+01 2.896199049762431255e-01
1.066969851019751658e+01 8.617812786529954749e-01
1.068520399939806964e+01 1.280435942318912002e+00
1.073024731255613240e+01 2.229386513294989491e+00
1.075722293856022915e+01 2.675951487871967238e+00
1.077046041938640286e+01 2.955054596982578108e+00
