3.2585812356979402 1.0044150110375276
3.37299771167048 1.2472406181015452
3.5331807780320363 1.596026490066225
3.6933638443935926 1.9315673289183224
3.8306636155606397 2.2317880794701987
3.9450800915331805 2.448123620309051
4.013729977116704 2.518763796909492
4.082379862700229 2.576158940397351
4.151029748283753 2.6070640176600444
4.2425629290617834 2.6026490066225167
4.334096109839816 2.5717439293598234
4.425629290617849 2.5320088300220753
4.585812356979405 2.4525386313465782
4.791762013729976 2.3554083885209716
5.0205949656750555 2.2715231788079473
5.295194508009153 2.2008830022075054
5.615560640732264 2.1699779249448126
5.913043478260869 2.178807947019868
6.164759725400456 2.2052980132450335
6.508009153318076 2.2803532008830025
6.828375286041188 2.368653421633554
7.194508009153317 2.4746136865342168
7.5148741418764295 2.562913907284768
7.812356979405033 2.6158940397350996
8.292906178489702 2.6556291390728477
8.8649885583524 2.6600441501103753
9.780320366132722 2.6600441501103753
10.192219679633865 2.6467991169977925
10.443935926773454 2.6158940397350996
10.627002288329518 2.5673289183222963
10.810068649885581 2.487858719646799
10.993135011441645 2.3907284768211925
11.17620137299771 2.293598233995585
11.565217391304346 2.0507726269315674
11.931350114416475 1.7461368653421634
12.366132723112125 1.3620309050772628
12.755148741418761 1.0044150110375276
