1.66810054e-6 5.61348212e-2
8.25404185e-6 2.01843772e-1
3.37114768e-5 4.78224173e-1
1.15109485e-4 7.95639762e-1
1.66810054e-4 8.72237181e-1
2.47995868e-4 9.69826309e-1
3.32829814e-4 1.04826438e+0
4.13682040e-4 1.10145105e+0
5.01187234e-4 1.15733629e+0
6.55641849e-4 1.20748937e+0
8.14912747e-4 1.27775712e+0
1.30817747e-3 1.42071733e+0
2.47995868e-3 1.73174985e+0
3.28599325e-3 2.00894603e+0
4.88527357e-3 2.98485497e+0
5.76914044e-3 4.01688555e+0
6.22937455e-3 5.68002244e+0
6.55641849e-3 7.43076928e+0
9.02725178e-3 6.54278333e+0
1.15109485e-2 8.03175856e+0
1.62596469e-2 7.48349377e+0
1.94486244e-2 7.75278112e+0
2.26754313e-2 7.97517131e+0
2.92864456e-2 8.08874732e+0
3.98107171e-2 7.80779042e+0
4.94816809e-2 7.75278112e+0
5.84341413e-2 7.64392248e+0
