1.66810054e-7 8.64053094e-2
6.55641849e-7 3.15111815e-1
1.66810054e-6 6.81024511e-1
8.25404185e-6 1.91193842e+0
1.64689787e-5 2.57300199e+0
4.94816809e-5 3.46263206e+0
1.15109485e-4 3.93258017e+0
1.64689787e-4 4.07409082e+0
8.25404185e-4 4.52991520e+0
2.44843675e-3 5.03673889e+0
3.59381366e-3 5.64000419e+0
4.29866235e-3 6.31552439e+0
4.64158883e-3 6.68304540e+0
4.94816809e-3 7.37841626e+0
5.14175183e-3 8.08874732e+0
5.27499706e-3 8.74295287e+0
8.14912747e-3 7.37841626e+0
1.30817747e-2 7.91898273e+0
1.64689787e-2 8.08874732e+0
2.44843675e-2 8.08874732e+0
4.64158883e-2 8.14614045e+0
