1.64689787e-6 1.49632382e-2
4.94816809e-6 3.62120935e-2
1.29154967e-5 7.60797701e-2
4.88527357e-5 1.84118419e-1
8.25404185e-5 2.46032701e-1
1.32501936e-4 3.10687256e-1
3.24422608e-4 4.64888740e-1
1.32501936e-3 7.84467996e-1
2.44843675e-3 1.07833407e+0
3.28599325e-3 1.34258775e+0
4.94816809e-3 2.21797686e+0
5.76914044e-3 3.07047617e+0
6.30957344e-3 4.10299824e+0
6.55641849e-3 5.68002244e+0
7.17060097e-3 6.97265468e+0
1.18092474e-2 7.91898273e+0
1.64689787e-2 7.07195366e+0
2.78255940e-2 7.43076928e+0
6.90063234e-2 8.14614045e+0
