# Fig. 4 of https://arxiv.org/pdf/1308.2578
# m [GeV] sigmav [cm^3/s]
1.7866603806744539 8.74190010463912e-23
2.6734445359394434 1.6501303350006442e-22
4.514494222011107 3.849474613173378e-22
6.488366239502237 6.438120842847284e-22
10.810330537109337 1.2910673701716535e-21
19.005522481228976 2.7505279241727613e-21
30.00863268800098 5.0372068006488145e-21
53.47137519276773 1.0101353323228849e-20
97.87349812745339 2.0256730167910446e-20
174.39750068633782 3.8236818698320745e-20
302.5149146105096 7.002538003328388e-20
539.0411708766286 1.3218065000714199e-19
999.999999999999 2.4950559679942037e-19
