# Fig 2. left of https://arxiv.org/pdf/2312.04907
# line e+ e-
# m [MeV] sigmav (swave) [cm^3/s]
6.85649e-1 5.88304e-33
8.84464e-1 8.22128e-33
1.00454e+0 9.57435e-33
1.14093e+0 1.09100e-32
1.29583e+0 1.22975e-32
1.47176e+0 1.42244e-32
1.67157e+0 1.63638e-32
1.89852e+0 1.83448e-32
2.15627e+0 2.07341e-32
2.44902e+0 2.40482e-32
2.78152e+0 2.74404e-32
3.15916e+0 3.07622e-32
3.58806e+0 3.52450e-32
4.07520e+0 4.09342e-32
4.62848e+0 4.66448e-32
5.25687e+0 5.28636e-32
5.97058e+0 6.13967e-32
6.78119e+0 7.24808e-32
7.70185e+0 8.62672e-32
8.74750e+0 1.01564e-31
9.93512e+0 1.16523e-31
1.12840e+1 1.36071e-31
1.28160e+1 1.63058e-31
1.45559e+1 1.92757e-31
1.65322e+1 2.24176e-31
1.87767e+1 2.67179e-31
2.13259e+1 3.23232e-31
2.42213e+1 3.81067e-31
2.75097e+1 4.51088e-31
3.12446e+1 5.48702e-31
3.54866e+1 6.49084e-31
4.03045e+1 7.94392e-31
4.57765e+1 9.50651e-31
5.19914e+1 1.17860e-30
5.90501e+1 1.43951e-30
6.70671e+1 1.72971e-30
7.61726e+1 2.12415e-30
8.65143e+1 2.65146e-30
9.82600e+1 3.26497e-30
1.11600e+2 3.98232e-30
1.26752e+2 4.99804e-30
1.43961e+2 6.34147e-30
1.63506e+2 7.87277e-30
1.85704e+2 9.81381e-30
2.10917e+2 1.26566e-29
2.39552e+2 1.62343e-29
2.72076e+2 2.04306e-29
3.09014e+2 2.61701e-29
3.50968e+2 3.43999e-29
3.98618e+2 4.44856e-29
4.34765e+2 5.14384e-29
5.97691e+2 1.04246e-28
6.78838e+2 1.34261e-28
7.71001e+2 1.74098e-28
8.75677e+2 2.32297e-28
9.94565e+2 3.07851e-28
1.12959e+3 3.97567e-28
1.27999e+3 5.20392e-28
1.45714e+3 6.98237e-28
1.65497e+3 9.12832e-28
1.87966e+3 1.18207e-27
2.05010e+3 1.38366e-27
3.23828e+3 3.90272e-27
3.67793e+3 5.16738e-27
4.17727e+3 6.92925e-27
4.74440e+3 8.97302e-27
