# Fig 1. left of https://arxiv.org/pdf/1810.01680
# coredlike DM density profile with γ = 0.25
# line: Propagation B
# m [GeV] sigma_1c (pwave) [cm^3/s]
3.37466e-3 8.63363e-15
3.37466e-3 4.25074e-15
3.37466e-3 2.65040e-15
3.37466e-3 1.65257e-15
3.37466e-3 8.13636e-16
3.42306e-3 1.88939e-16
3.42306e-3 1.17806e-16
3.42306e-3 7.34542e-17
3.42306e-3 4.57998e-17
3.42306e-3 2.25494e-17
3.42306e-3 1.40599e-17
3.42306e-3 4.31619e-18
3.47215e-3 4.82990e-19
3.47215e-3 8.71246e-21
3.47215e-3 6.87962e-21
3.47215e-3 5.43235e-21
3.47215e-3 4.28955e-21
3.47215e-3 3.38716e-21
3.48205e-3 2.70928e-21
3.53450e-3 2.04501e-21
3.52194e-3 1.54140e-21
3.50943e-3 1.17015e-21
3.56230e-3 8.58935e-22
3.69665e-3 6.63833e-22
3.80887e-3 5.10575e-22
4.00351e-3 3.95661e-22
4.55091e-3 3.20143e-22
5.32262e-3 2.88115e-22
6.22518e-3 2.83651e-22
7.28079e-3 2.80622e-22
8.51540e-3 2.76004e-22
9.95936e-3 2.52548e-22
1.16482e-2 2.42168e-22
1.36234e-2 2.17092e-22
1.59335e-2 2.09597e-22
1.86354e-2 2.30409e-22
2.17954e-2 2.67778e-22
2.54912e-2 3.16106e-22
2.98138e-2 3.31591e-22
3.48694e-2 3.26453e-22
4.07822e-2 3.71703e-22
4.76977e-2 3.74251e-22
5.53900e-2 4.33466e-22
6.29636e-2 5.46743e-22
7.05608e-2 6.86851e-22
7.90747e-2 8.64022e-22
8.86158e-2 1.09274e-21
9.86036e-2 1.37884e-21
1.07399e-1 1.77099e-21
1.17814e-1 2.25852e-21
1.32029e-1 2.86407e-21
1.47960e-1 3.63197e-21
1.64636e-1 4.57496e-21
1.83192e-1 5.76278e-21
2.05296e-1 7.35708e-21
2.30067e-1 9.40506e-21
2.55998e-1 1.18947e-20
2.82830e-1 1.49028e-20
3.12475e-1 1.86716e-20
3.45228e-1 2.33936e-20
3.81413e-1 2.94900e-20
4.21390e-1 3.72893e-20
4.65559e-1 4.70792e-20
5.14356e-1 5.94392e-20
5.68269e-1 7.58542e-20
6.27832e-1 9.68025e-20
6.93638e-1 1.21842e-19
7.66342e-1 1.54777e-19
8.46666e-1 1.98128e-19
9.28773e-1 2.50464e-19
1.01161e+0 3.12683e-19
1.10972e+0 3.97508e-19
1.22603e+0 5.13549e-19
1.37753e+0 6.11070e-19
1.42376e+0 4.01337e-19
1.43393e+0 3.09898e-19
1.42884e+0 2.37799e-19
1.45450e+0 1.77959e-19
1.49652e+0 4.92456e-20
1.49120e+0 3.71182e-20
1.51798e+0 2.94147e-20
1.51798e+0 2.32267e-20
1.51258e+0 1.78388e-20
1.53975e+0 1.41746e-20
1.53975e+0 1.11927e-20
1.54414e+0 8.41822e-21
1.56183e+0 6.24599e-21
1.55628e+0 4.67425e-21
1.70114e+0 3.69814e-21
1.98960e+0 3.51171e-21
2.32698e+0 3.95191e-21
2.72157e+0 4.12934e-21
3.18307e+0 4.39550e-21
3.72282e+0 4.63790e-21
4.35410e+0 5.02433e-21
5.09243e+0 5.34818e-21
6.01277e+0 5.27026e-21
6.96592e+0 5.67705e-21
8.22729e+0 5.90354e-21
9.54295e+0 6.20754e-21
1.12115e+1 6.67910e-21
1.30342e+1 7.20310e-21
1.51193e+1 7.85302e-21
1.76216e+1 8.87797e-21
2.07541e+1 1.02531e-20
2.43888e+1 1.14505e-20
2.85245e+1 1.26986e-20
3.34010e+1 1.44563e-20
3.92042e+1 1.67409e-20
4.56349e+1 2.00114e-20
5.32468e+1 2.31024e-20
6.21704e+1 2.73550e-20
7.23622e+1 3.31167e-20
8.55922e+1 3.99079e-20
9.98689e+1 4.85457e-20
1.15622e+2 5.69407e-20
1.36910e+2 6.78837e-20
1.61146e+2 8.24461e-20
1.84391e+2 1.01147e-19
2.19212e+2 1.27940e-19
2.54205e+2 1.56728e-19
2.95523e+2 1.95618e-19
3.45749e+2 2.32537e-19
4.01358e+2 2.81028e-19
4.73115e+2 3.26094e-19
5.46118e+2 4.02416e-19
6.34292e+2 5.22333e-19
7.14407e+2 6.56082e-19
8.08018e+2 8.18582e-19
9.07792e+2 1.04517e-18
9.67866e+2 1.23055e-18
