# Fig. 4 of https://arxiv.org/pdf/1308.2578
# m [GeV] sigmav [cm^3/s]
0.0019681083693042613 4.403475865768076e-26
0.005108397857976992 8.31204774542222e-26
0.011592506895424346 1.718052759291017e-25
0.01643876971228177 2.396415079831842e-25
0.05149739936069597 7.121225601880216e-25
0.25132365800578266 2.181153002768899e-24
0.533279012872661 6.885828539838968e-24
1.8108242955269398 5.723533558993201e-23
2.89785741516033 1.1135643746625986e-22
4.959629580040598 2.445238177913502e-22
22.33014185108237 1.0446675441136865e-21
49.99767681869976 2.437032460390619e-21
128.04163914736438 8.173513026666529e-21
247.304606160018 1.965308158096285e-20
517.7487032510634 4.870698428627312e-20
999.999999999999 8.654187042974102e-20
