# Fig. 7 of https://arxiv.org/pdf/1901.06944
# m [MeV] b [cm^3/s]
2.198392648862288 9.827850057455874e-14
2.220706828906187 1.7798240622825122e-22
2.243247502898419 2.3094004486661425e-23
2.2660169698035237 1.0608183551394483e-23
2.3357214690901213 4.2114765723916935e-24
2.4075701346762384 2.854337209262095e-24
2.289017551921052 6.523484547824414e-24
2.243247502898419 1.4909188202295884e-23
2.481628922836825 2.238332420741776e-24
2.5839297473398064 1.842722888110803e-24
2.745342233838713 1.6719671971996287e-24
2.916837808248418 1.6719671971996287e-24
3.0370793600692223 1.755269843200818e-24
3.1943754899597536 1.934533117811294e-24
3.359818286283781 2.238332420741776e-24
3.716853456404114 2.854337209262095e-24
4.070512781798907 3.8212206112188016e-24
4.688702004672817 6.2138891166224516e-24
5.455594781168514 1.1691582624453359e-23
6.412354795576913 2.1997995409792587e-23
7.238509068173252 3.7554383203518574e-23
8.088998163995935 6.411182798814919e-23
9.03941553169075 9.930781093623754e-23
10.101502250089151 1.5382561412490777e-22
11.402958502838771 2.382724917388207e-22
13.676183278839824 3.6907884712441687e-22
15.753186734235145 4.94101290212061e-22
19.672504309648748 6.614740641230106e-22
20.0738918005463 2.6260693084751553e-22
20.0738918005463 1.868500475344351e-22
20.48346899191679 1.3957138241746778e-22
20.69138081114789 9.010546478929268e-23
21.113556925396775 6.411182798814919e-23
21.98392648862288 4.5616839085108014e-23
22.89017551921048 4.1389760273954113e-23
23.833783085629573 4.345192785352752e-23
25.322627816987932 4.78896129794551e-23
26.634134986224293 5.817091329374369e-23
28.29791162655281 7.417995681627432e-23
31.305023568553555 1.0944997993195432e-22
35.338296804265475 1.868500475344351e-22
52.396013530026366 8.855429973065383e-22
68.12920690579605 2.5808615404180874e-21
79.27254606285175 4.855953393399665e-21
85.0794279962744 6.192345841387522e-21
93.1747520285667 8.702983796958709e-21
108.4145868935835 1.3480730414507471e-20
132.68047497147217 1.9890354978101403e-20
149.77474763452 2.416056515865552e-20
165.69074306788244 2.5364320238283346e-20
172.52105499420392 2.795474308511581e-20
209.01402982126166 3.564808453999225e-20
219.83926488622848 4.124626382901365e-20
269.04477449252283 5.521809860718634e-20
282.979116265528 6.388955515221003e-20
346.31689912697453 8.979307317887042e-20
364.25331154496376 9.896351520391513e-20
394.90372295766934 1.1450475699382813e-19
459.49490666814495 1.5329230761089063e-19
488.19855679456373 1.7736534919804235e-19
518.6952616831225 1.954794263143516e-19
585.5228656252136 2.492767361111422e-19
674.4462874835748 3.3371719320139675e-19
800.7718024241935 4.69020206492136e-19
1000 7.265019802618288e-19
