# Fig. 3 of WW22 2111.08025
# m [eV] <sigmav> [cm^3/s] (swave)
1.345516e+1 1.000000e-26
1.373339e+1 1.000000e-29
1.373339e+1 1.000000e-33
1.373339e+1 1.063327e-34
1.387466e+1 7.134004e-35
1.430723e+1 5.411695e-35
1.536975e+1 4.365158e-35
1.668101e+1 4.105191e-35
1.905461e+1 3.981072e-35
2.198985e+1 4.105191e-35
2.616844e+1 4.501252e-35
3.146138e+1 5.089401e-35
3.821398e+1 5.933806e-35
4.737569e+1 7.356423e-35
6.374475e+1 9.697654e-35
9.404449e+1 1.401737e-34
1.202264e+2 1.791981e-34
1.430723e+2 2.435940e-34
1.685259e+2 3.311311e-34
2.005498e+2 5.411695e-34
2.362291e+2 9.120108e-34
2.840098e+2 1.791981e-33
3.593814e+2 4.641589e-33
5.089401e+2 1.847850e-32
6.989473e+2 7.356423e-32
1.000000e+3 3.211195e-31
2.068024e+3 6.709137e-30
2.616844e+3 1.685259e-29
3.178500e+3 3.211195e-29
3.821398e+3 5.248075e-29
4.786301e+3 8.317638e-29
6.118806e+3 1.130663e-28
7.663805e+3 1.490505e-28
9.797406e+3 1.905461e-28
1.490505e+4 2.754229e-28
1.702594e+4 3.019952e-28
2.386590e+4 4.641589e-28
2.958769e+4 5.754399e-28
4.885274e+4 1.000000e-27
7.281523e+4 1.634306e-27
9.898185e+4 2.362291e-27
