# Fig 3 of https://arxiv.org/pdf/1810.01680
# line: tau+ tau-
# m [GeV] sigma_1c (pwave) [cm^3/s]
1.81298e+0 5.10644e-19
2.53838e+0 9.11663e-19
2.60478e+0 6.88385e-19
2.71573e+0 5.24670e-19
2.91125e+0 4.02973e-19
3.18661e+0 3.13993e-19
3.63660e+0 2.46519e-19
4.23759e+0 2.07498e-19
4.93790e+0 1.89917e-19
5.75395e+0 1.92648e-19
6.70486e+0 2.05337e-19
7.81292e+0 2.23280e-19
9.10410e+0 2.34612e-19
1.06087e+1 2.43951e-19
1.23619e+1 2.60018e-19
1.44048e+1 2.81398e-19
1.67854e+1 2.98791e-19
1.95594e+1 3.16055e-19
2.27918e+1 3.36871e-19
2.65584e+1 3.62148e-19
3.09476e+1 3.84900e-19
3.60620e+1 4.12994e-19
4.20217e+1 4.51227e-19
4.89663e+1 4.84623e-19
5.70586e+1 5.27475e-19
6.64882e+1 5.83483e-19
7.74762e+1 6.55969e-19
9.02801e+1 7.42391e-19
1.05200e+2 8.26710e-19
1.22586e+2 9.24118e-19
1.42844e+2 1.04587e-18
1.66451e+2 1.19271e-18
1.93959e+2 1.37448e-18
2.26013e+2 1.57494e-18
2.63365e+2 1.82363e-18
3.06889e+2 2.12368e-18
3.57606e+2 2.47075e-18
4.16705e+2 2.90756e-18
4.85570e+2 3.46752e-18
5.65817e+2 4.13531e-18
6.59325e+2 4.87569e-18
7.68286e+2 5.78706e-18
8.98372e+2 6.96659e-18
9.79935e+2 7.72762e-18