redshift z [1], delta T_b [mK]
5.926892950391643 0.10040160642573426
7.415143603133156 0.10040160642573426
8.041775456919058 0.8032128514056467
8.590078328981722 2.9116465863454124
8.981723237597912 5.722891566265076
9.530026109660575 9.236947791164695
10.313315926892948 12.751004016064286
10.783289817232376 12.751004016064286
11.2532637075718 11.345381526104447
11.723237597911226 7.12851405622493
12.271540469973889 0.10040160642573426
12.819843342036553 -10.441767068273066
13.211488250652742 -23.092369477911618
13.603133159268928 -35.74297188755017
13.91644908616188 -48.393574297188735
14.308093994778066 -65.9638554216867
14.699738903394255 -84.93975903614455
15.16971279373368 -111.64658634538151
15.639686684073105 -135.54216867469876
16.266318537859004 -165.7630522088353
16.736292428198432 -185.441767068273
17.20626631853786 -201.60642570281118
17.676240208877285 -212.14859437751
18.22454308093995 -221.28514056224896
18.537859007832896 -224.7991967871485
19.00783289817232 -226.9076305220883
19.47780678851175 -226.9076305220883
20.02610966057441 -224.7991967871485
20.65274151436031 -219.87951807228916
21.43603133159269 -209.33734939759034
22.219321148825063 -195.28112449799193
22.845953002610965 -179.11646586345375
23.550913838120106 -157.32931726907626
24.177545691906 -134.83935742971883
24.804177545691903 -111.64658634538151
25.509138381201044 -83.5341365461847
26.449086161879894 -52.61044176706824
27.07571801566579 -37.14859437751001
27.62402088772846 -26.606425702811222
28.093994778067884 -20.28112449799194
28.720626631853786 -13.95582329317267
29.34725848563969 -9.738955823293153
29.895561357702352 -8.3333333333333
30.757180156657963 -6.927710843373461
32.088772845953 -6.224899598393549
33.73368146214099 -6.927710843373461
35.37859007832898 -8.3333333333333
37.101827676240205 -10.441767068273066
39.45169712793734 -13.25301204819273
42.271540469973885 -16.767068273092335
43.916449086161876 -18.875502008032086
