redshift z [1], delta T_b [mK]
6.083550913838117 0.10040160642573426
7.650130548302869 0.10040160642573426
8.511749347258487 2.2088353413655
9.216710182767624 7.831325301204842
10.078328981723235 13.453815261044198
11.096605744125323 18.373493975903635
12.349869451697124 20.481927710843394
13.446475195822455 19.07630522088356
14.621409921671017 14.859437751004052
15.639686684073105 8.534136546184769
16.657963446475193 1.5060240963855591
17.75456919060052 -8.3333333333333
19.00783289817232 -21.68674698795178
20.33942558746736 -37.85140562248992
21.279373368146214 -49.09638554216863
21.984334203655347 -56.12449799196784
23.002610966057443 -63.85542168674695
23.629242819843338 -65.2610441767068
24.33420365535248 -63.85542168674695
25.03916449086162 -58.93574297188752
25.90078328981723 -51.204819277108385
26.76240208877284 -42.06827309236945
27.780678851174937 -33.6345381526104
28.642297650130548 -28.714859437750974
29.738903394255875 -25.200803212851383
30.678851174934724 -23.092369477911618
32.32375979112271 -20.983935742971866
34.20365535248041 -19.578313253012027
35.92689295039165 -18.875502008032086
37.88511749347259 -18.875502008032086
39.608355091383814 -18.875502008032086
41.09660574412533 -19.578313253012027
42.976501305483026 -20.28112449799194
43.838120104438644 -20.983935742971866
