redshift z [1], delta T_b [mK]
6.005221932114882 -0.6024096385541924
7.415143603133156 -0.6024096385541924
8.041775456919058 0.10040160642573426
8.66840731070496 3.614457831325325
9.765013054830288 12.048192771084373
10.783289817232376 19.07630522088356
12.19321148825065 25.401606425702838
13.524804177545693 28.212851405622516
14.934725848563968 29.618473895582355
16.18798955613577 29.618473895582355
17.75456919060052 27.510040160642596
19.321148825065272 23.293172690763072
20.65274151436031 17.670682730923723
21.827676240208877 10.64257028112452
23.002610966057443 2.2088353413655
24.33420365535248 -7.630522088353388
25.665796344647514 -16.064257028112422
27.154046997389027 -23.79518072289153
28.720626631853786 -30.120481927710813
30.2088772845953 -34.337349397590344
31.697127937336813 -37.14859437751001
33.577023498694516 -37.14859437751001
35.92689295039165 -34.337349397590344
38.51174934725849 -30.120481927710813
40.626631853785895 -27.309236947791135
42.506527415143594 -25.903614457831296
43.916449086161876 -25.903614457831296
