3.238105872622003112e+00 2.971341609577820897e+00
3.321192721257238745e+00 2.731003425927318595e+00
3.348888337468983956e+00 2.639634304933307085e+00
3.542757650951200876e+00 1.997766842387782571e+00
3.736626964433417353e+00 1.357139098187967630e+00
3.764322580645162564e+00 1.265121948932041551e+00
3.847409429280398196e+00 9.902937468331340920e-01
4.013583126550869906e+00 4.196286508180842034e-01
4.152061207609595961e+00 -1.711595130269205622e-02
4.318234904880067226e+00 -5.677053000931906457e-01
4.512104218362283703e+00 -1.207726570676827649e+00
4.705973531844501068e+00 -1.852034330566500797e+00
