6.755449131513648453e+00 -1.522514059254187480e-03
7.032405293631100562e+00 9.739570612409398365e-02
7.309361455748552672e+00 1.984290374369812593e-01
7.475535153019023937e+00 2.364429659288942442e-01
7.863273779983456890e+00 3.287688794743062193e-01
8.278708023159635943e+00 3.968923349664110756e-01
8.666446650124068896e+00 4.570817704426095585e-01
9.137272125723738370e+00 4.699992346720311964e-01
9.552706368899915645e+00 4.817441833320772471e-01
9.718880066170388687e+00 4.851955875750160185e-01
1.007892307692307554e+01 4.885090810729579847e-01
1.049435732009925459e+01 4.897607325330299854e-01
1.082670471464019712e+01 4.849920813536707787e-01
1.126983457402812050e+01 4.905225091202598531e-01
1.179605128205128040e+01 4.899615165828175023e-01