6.727753515301902354e+00 -4.918688005334677094e-01
6.810840363937138875e+00 -3.735286923126756031e-01
6.949318444995864930e+00 -2.320721282654166773e-01
7.032405293631100562e+00 -1.420399419064988233e-01
7.364752688172043094e+00 7.543146728075256213e-02
7.530926385442514359e+00 1.560143395444242298e-01
7.918665012406948200e+00 2.971532161806289540e-01
8.167925558312655099e+00 3.714598560479089873e-01
8.583359801488832375e+00 4.668370989950223482e-01
8.804924731182795838e+00 5.144882760796507526e-01
9.054185277088503625e+00 5.612121293266794098e-01
9.303445822994209635e+00 6.017947350965164865e-01
9.497315136476427000e+00 6.312638258366880528e-01
9.746575682382133010e+00 6.635739137693701384e-01
9.995836228287840797e+00 6.987337802596402803e-01
1.024509677419354858e+01 7.288064641095495233e-01
1.049435732009925459e+01 7.568372624102326363e-01
1.096518279569892407e+01 8.035394615825481868e-01
1.124213895781637618e+01 8.292422472881491036e-01
1.143600827129859354e+01 8.486843663475349686e-01
1.174066004962779175e+01 8.735905235621224119e-01
